COUNT: 0
depth: 0, point: 2, player: -1
----------------------------------------
1	1	1	1	1	
1	-1	0	0	1	
0	0	0	1	0	
-1	0	0	-1	1	
-1	-1	0	-1	1	
----------------------------------------
depth: 0, point: -2, player: 1
----------------------------------------
1	1	1	1	1	
1	0	0	0	1	
0	-1	0	1	0	
-1	0	0	-1	1	
-1	-1	0	-1	1	
----------------------------------------
depth: 0, point: -2, player: 1
----------------------------------------
1	1	1	1	1	
1	0	-1	0	1	
0	0	0	1	0	
-1	0	0	-1	1	
-1	-1	0	-1	1	
----------------------------------------
depth: 0, point: -2, player: 1
----------------------------------------
1	1	1	1	1	
1	0	0	0	1	
-1	0	0	1	0	
-1	0	0	-1	1	
-1	-1	0	-1	1	
----------------------------------------
depth: 0, point: -2, player: 1
----------------------------------------
1	1	1	1	1	
1	0	0	0	1	
0	0	-1	1	0	
-1	0	0	-1	1	
-1	-1	0	-1	1	
----------------------------------------
depth: 0, point: -2, player: 1
----------------------------------------
1	1	1	1	1	
1	-1	0	0	1	
-1	0	0	1	0	
0	0	0	-1	1	
-1	-1	0	-1	1	
----------------------------------------
depth: 0, point: -2, player: 1
----------------------------------------
1	1	1	1	1	
1	-1	0	0	1	
0	0	0	1	0	
0	-1	0	-1	1	
-1	-1	0	-1	1	
----------------------------------------
depth: 0, point: -2, player: 1
----------------------------------------
1	1	1	1	1	
1	-1	0	0	1	
0	0	0	1	0	
-1	0	-1	0	1	
-1	-1	0	-1	1	
----------------------------------------
depth: 0, point: -2, player: 1
----------------------------------------
1	1	1	1	1	
1	-1	0	0	1	
0	0	-1	1	0	
-1	0	0	0	1	
-1	-1	0	-1	1	
----------------------------------------
depth: 0, point: 0, player: 1
----------------------------------------
1	1	1	1	1	
1	-1	0	0	-1	
0	0	0	1	-1	
-1	0	0	0	-1	
-1	-1	0	-1	1	
----------------------------------------
depth: 0, point: -2, player: 1
----------------------------------------
1	1	1	1	1	
1	-1	0	0	1	
0	0	0	1	0	
-1	0	0	0	1	
-1	-1	-1	-1	1	
----------------------------------------
depth: 0, point: -2, player: 1
----------------------------------------
1	1	1	1	1	
1	-1	0	0	1	
0	0	0	1	0	
-1	-1	0	-1	1	
0	-1	0	-1	1	
----------------------------------------
depth: 0, point: -2, player: 1
----------------------------------------
1	1	1	1	1	
1	-1	0	0	1	
0	0	0	1	0	
-1	-1	0	-1	1	
-1	0	0	-1	1	
----------------------------------------
depth: 0, point: -2, player: 1
----------------------------------------
1	1	1	1	1	
1	-1	0	0	1	
0	0	0	1	0	
-1	0	0	-1	1	
-1	0	-1	-1	1	
----------------------------------------
depth: 0, point: -2, player: 1
----------------------------------------
1	1	1	1	1	
1	-1	0	0	1	
0	0	0	1	0	
-1	0	0	-1	1	
-1	-1	-1	0	1	
----------------------------------------